_RICE_CONSTANT:
  xA_0: 2.4913586566019945
  xK_0: 0.043635414
  xL_0: 46.488546
  xL_a: 59.987638
  xa_1: 0.48441892688518007
  xa_2: 0.2787461606164914
  xa_3: 2
  xdelta_A: 0.05834835573455604
  xg_A: 0.049004053769246436
  xgamma: 0.3
  xl_g: 0.03709027315241262
  xsigma_0: 0.4196283605267465
  xp_b: 509.15834358367766
