_RICE_CONSTANT:
  xA_0: 3.1898536850408714
  xK_0: 0.1287514001006796
  xL_0: 690.0021925
  xL_a: 723.512806
  xa_1: 0.43265658518265165
  xa_2: 0.3621428726255572
  xa_3: 2
  xdelta_A: 0.05389348561714375
  xg_A: 0.06812795377170236
  xgamma: 0.3
  xl_g: -0.012597171762552104
  xsigma_0: 0.9487399403167854
  xp_b: 233.79847735597167
